Results of classifiers for Task X (2025-01-01-10-34-05)
----------------------------------------------------------------------------------------------------
DummyClassifier : 
-----
0
0
0
0
0
0
0
0
0
0
0
0
0
0
0
0
0
0
0
0
0
0
0
0
0
0
0
0
0
0
0
0
0
0
0
0
0
0
0
0
0
0
0
0
0
0
0
0
0
0
0
0
0
0
0
0
0
0
0
0
0
0
0
0
0
0
0
0
0
0
0
0
0
0
0
0
0
0
0
0
0
0
0
0
0
0
0
0
0
0
0
0
0
0
0
0
0
0
0
0
LogisticRegression : 
-----
0
0
0
0
1
1
0
0
0
0
1
0
1
1
0
1
1
1
0
0
0
0
1
0
0
1
0
1
1
0
1
1
0
0
0
1
1
1
0
0
0
0
0
1
1
0
1
1
1
0
0
0
1
0
0
1
0
1
1
0
1
1
0
0
0
1
1
1
0
0
1
0
0
0
0
0
1
1
0
0
1
0
1
0
0
0
1
0
1
1
0
1
0
0
1
1
1
0
1
0
GaussianNB : 
-----
1
0
0
0
1
1
0
0
0
1
1
0
0
1
0
1
1
1
1
0
1
0
1
0
0
1
1
1
1
1
1
1
0
1
0
1
1
1
1
0
0
1
0
1
1
0
1
1
1
1
0
1
1
1
0
0
0
1
1
1
0
1
1
1
1
1
1
1
0
0
1
0
1
1
1
1
0
1
0
0
1
1
0
0
0
0
1
0
0
1
1
0
0
0
1
1
1
0
1
0
XGBClassifier : 
-----
0
0
1
0
0
0
0
0
0
1
0
1
0
0
0
0
0
0
1
0
1
0
0
0
0
0
0
0
0
0
1
0
0
0
0
0
0
0
0
0
0
0
0
0
0
0
0
0
0
0
1
0
1
0
0
0
0
0
0
0
0
0
0
0
0
0
0
0
0
0
0
0
0
1
0
0
0
0
0
0
0
0
0
0
0
0
0
0
0
1
0
0
0
0
0
1
0
0
0
1
StackingClassifier : 
-----
0
0
1
0
0
0
0
0
0
1
0
1
0
0
0
0
0
0
1
0
1
0
0
0
0
0
0
0
0
0
1
0
0
0
0
0
0
0
0
0
0
0
0
0
0
0
0
0
0
0
1
0
1
0
0
0
0
0
0
0
0
0
0
0
0
0
0
0
0
0
0
0
0
1
0
0
0
0
0
0
0
0
0
0
0
0
0
0
0
1
0
0
0
0
0
1
0
0
0
1
