Results of classifiers for Task1(2025-01-18-23-39-58)
----------------------------------------------------------------------------------------------------
LogisticRegression : 
-----
0
1
1
1
1
1
0
1
1
1
1
0
1
0
0
0
0
1
1
1
0
0
1
1
1
0
1
1
0
0
0
1
1
1
1
1
1
1
1
0
0
0
1
1
1
1
1
0
1
0
0
0
0
0
0
1
1
0
1
1
1
1
1
1
0
1
1
1
1
1
1
0
1
0
1
0
0
1
0
1
0
1
1
0
0
0
1
1
1
0
1
1
1
1
1
0
1
1
1
0
StackingClassifier : 
-----
0
1
1
1
1
1
0
1
1
1
1
0
1
0
0
0
0
1
1
1
0
0
1
1
1
0
1
1
0
0
0
1
1
1
1
1
1
1
1
0
0
0
1
1
1
1
1
0
1
0
0
0
0
0
0
1
1
0
1
1
1
1
1
1
0
1
1
1
1
1
1
0
1
0
1
0
0
1
0
1
0
1
1
0
0
0
1
1
1
0
1
1
1
1
1
0
1
1
1
0
