Results of classifiers for Task X (2024-12-28-17-51-23)
----------------------------------------------------------------------------------------------------
DummyClassifier : 
-----
0
0
0
0
0
0
0
0
0
0
0
0
0
0
0
0
0
0
0
0
0
0
0
0
0
0
0
0
0
0
0
0
0
0
0
0
0
0
0
0
0
0
0
0
0
0
0
0
0
0
0
0
0
0
0
0
0
0
0
0
0
0
0
0
0
0
0
0
0
0
0
0
0
0
0
0
0
0
0
0
0
0
0
0
0
0
0
0
0
0
0
0
0
0
0
0
0
0
0
0
LogisticRegression : 
-----
0
0
0
0
1
1
0
0
0
0
1
0
1
1
0
1
1
1
0
0
0
0
1
0
0
1
0
1
1
0
1
1
0
0
0
1
1
1
0
0
0
0
0
1
1
0
1
1
1
0
0
0
1
0
0
1
0
1
1
0
1
1
0
0
0
1
1
1
0
0
1
0
0
0
0
0
1
1
0
0
1
0
1
0
0
0
1
0
1
1
0
1
0
0
1
1
1
0
1
0
KNeighborsClassifier : 
-----
0
0
0
0
0
1
1
0
0
1
0
0
0
0
0
1
0
1
1
0
1
0
0
0
0
0
0
1
1
0
1
0
0
0
0
0
0
0
1
0
0
0
0
1
0
0
0
0
0
0
0
0
1
0
0
0
1
0
0
0
0
0
0
0
0
0
0
1
0
0
0
0
0
1
0
0
1
1
0
0
1
0
1
0
0
0
0
0
0
1
1
0
0
1
0
1
0
0
0
1
GaussianNB : 
-----
1
0
0
0
1
1
0
0
0
1
1
0
0
1
0
1
1
1
1
0
1
0
1
0
0
1
1
1
1
1
1
1
0
1
0
1
1
1
1
0
0
1
0
1
1
0
1
1
1
1
0
1
1
1
0
0
0
1
1
1
0
1
1
1
1
1
1
1
0
0
1
0
1
1
1
1
0
1
0
0
1
1
0
0
0
0
1
0
0
1
1
0
0
0
1
1
1
0
1
0
XGBClassifier : 
-----
0
0
1
0
0
0
0
0
0
1
0
1
0
0
0
0
0
0
1
0
1
0
0
0
0
0
0
0
0
0
1
0
0
0
0
0
0
0
0
0
0
0
0
0
0
0
0
0
0
0
1
0
1
0
0
0
0
0
0
0
0
0
0
0
0
0
0
0
0
0
0
0
0
1
0
0
0
0
0
0
0
0
0
0
0
0
0
0
0
1
0
0
0
0
0
1
0
0
0
1
