Results of classifiers for Task2(2025-01-18-21-09-53)
----------------------------------------------------------------------------------------------------
DummyClassifier : 
-----
0
0
0
0
0
0
0
0
0
0
0
0
0
0
0
0
0
0
0
0
0
0
0
0
0
0
0
0
0
0
0
0
0
0
0
0
0
0
0
0
0
0
0
0
0
0
0
0
0
0
0
0
0
0
0
0
0
0
0
0
0
0
0
0
0
0
0
0
0
0
0
0
0
0
0
0
0
0
0
0
0
0
0
0
0
0
0
0
0
0
0
0
0
0
0
0
0
0
0
0
LogisticRegression : 
-----
1
0
0
0
0
0
0
0
1
0
1
0
1
1
1
0
0
0
0
1
0
1
1
1
0
1
1
0
1
0
0
1
0
1
0
0
0
0
0
0
1
1
0
0
0
1
0
0
1
0
0
1
0
0
1
0
0
0
0
1
1
1
1
1
1
1
0
0
1
1
0
0
1
0
1
1
0
1
1
0
1
1
0
0
0
0
1
0
0
1
1
1
0
1
1
0
1
0
1
1
StackingClassifier : 
-----
1
0
0
0
0
0
0
0
1
0
1
0
1
1
1
0
0
0
0
1
0
1
1
1
0
1
1
0
1
0
0
1
0
1
0
0
0
0
0
0
1
1
0
0
0
1
0
0
1
0
0
1
0
0
1
0
0
0
0
1
1
1
1
1
1
1
0
0
1
1
0
0
1
0
1
1
0
1
1
0
1
1
0
0
0
0
1
0
0
1
1
1
0
1
1
0
1
0
1
1
