Results of classifiers for Task2(2025-01-20-15-42-49)
----------------------------------------------------------------------------------------------------
LogisticRegression : 
-----
1
1
0
0
1
1
0
0
0
1
1
1
1
1
1
0
1
0
1
1
0
0
0
0
0
1
1
1
1
1
0
1
0
1
0
1
1
0
0
1
1
1
0
0
1
0
0
1
0
1
0
1
1
0
0
1
1
0
0
0
1
1
1
1
0
1
1
0
0
1
1
0
0
0
0
1
1
0
1
1
0
0
0
0
1
1
1
0
1
0
0
1
1
1
1
1
0
0
0
0
GaussianNB : 
-----
1
0
0
0
0
0
1
0
0
0
1
0
1
1
0
0
0
1
0
0
0
0
0
1
0
1
0
1
1
0
0
0
1
0
0
1
0
0
0
1
0
1
0
0
0
0
1
1
0
0
1
0
0
0
0
0
1
0
0
0
1
1
0
0
1
1
0
0
0
0
1
0
1
0
0
0
1
0
1
0
0
0
1
0
1
0
0
0
1
0
0
1
1
1
0
0
0
0
0
1
StackingClassifier : 
-----
1
1
0
0
1
1
0
0
0
1
1
1
1
1
1
0
1
0
1
1
0
0
0
0
0
1
1
1
1
1
0
1
0
1
0
1
1
0
0
1
1
1
0
0
1
0
0
1
0
1
0
1
1
0
0
1
1
0
0
0
1
1
1
1
0
1
1
0
0
1
1
0
0
0
0
1
1
0
1
1
0
0
0
0
1
1
1
0
1
0
0
1
1
1
1
1
0
0
0
0
