Results of classifiers for Task2(2025-01-20-15-52-34)
----------------------------------------------------------------------------------------------------
LogisticRegression : 
-----
1
1
0
0
1
1
0
0
0
1
1
0
0
1
0
1
1
0
0
1
0
0
1
1
0
1
1
0
1
1
0
1
0
1
0
0
1
0
0
1
1
1
0
0
1
1
1
1
0
0
1
1
1
0
0
0
0
1
0
1
1
1
1
1
1
0
1
1
0
1
1
1
1
0
1
1
1
0
1
1
1
0
0
0
1
0
0
0
0
0
1
1
1
0
1
1
1
0
0
1
GaussianNB : 
-----
1
1
0
0
0
1
0
0
0
1
1
0
1
1
0
1
1
1
0
0
0
0
1
0
0
1
1
1
1
0
1
1
0
1
0
1
1
0
0
0
0
1
0
0
1
0
0
1
1
0
0
1
1
0
0
0
0
1
1
1
1
1
1
1
1
1
1
1
1
1
1
0
1
0
1
1
1
1
1
0
1
1
0
0
0
0
1
0
0
1
1
1
0
1
1
1
1
0
1
0
StackingClassifier : 
-----
1
1
0
0
1
1
0
0
0
1
1
0
0
1
0
1
1
0
0
1
0
0
1
1
0
1
1
0
1
1
0
1
0
1
0
0
1
0
0
1
1
1
0
0
1
1
1
1
0
0
1
1
1
0
0
0
0
1
0
1
1
1
1
1
1
0
1
1
0
1
1
1
1
0
1
1
1
0
1
1
1
0
0
0
1
0
0
0
0
0
1
1
1
0
1
1
1
0
0
1
